1000
0	883
1	495
1	577
1	905
2	381
2	675
3	332
3	671
4	706
5	241
8	28
8	99
9	18
10	188
10	348
10	365
10	432
12	150
12	168
12	346
12	478
12	747
12	898
13	343
15	14
15	126
15	625
15	879
16	250
16	310
16	609
17	964
18	88
18	435
19	434
20	394
20	669
21	374
22	307
23	493
23	701
24	53
24	450
25	165
26	384
26	489
27	788
28	536
29	380
31	441
31	587
32	51
32	195
33	658
34	448
34	817
35	616
36	292
36	613
36	616
36	980
37	12
37	687
37	713
37	777
37	881
38	812
38	981
39	277
42	629
43	772
44	729
47	409
48	76
48	215
48	365
48	754
49	511
49	565
49	898
51	103
52	235
52	952
53	741
53	953
54	665
54	672
54	716
54	750
54	979
55	184
55	769
56	212
56	802
56	891
57	221
57	356
57	597
57	797
58	413
59	112
60	88
62	766
63	949
64	320
65	409
66	225
66	784
68	31
68	101
68	522
68	748
69	941
70	313
73	286
74	267
74	588
75	159
75	176
76	855
77	76
77	990
78	427
78	739
78	774
79	568
82	627
84	483
84	840
84	948
84	978
85	593
86	86
86	281
86	616
88	35
88	50
88	92
88	776
89	34
89	778
90	386
90	392
91	747
92	854
93	2
93	451
94	315
94	821
95	477
95	819
96	133
96	617
98	520
99	174
99	675
99	677
100	892
102	792
103	224
104	596
104	793
104	825
107	436
108	48
108	308
108	616
108	911
108	984
109	490
109	993
110	650
110	750
111	930
112	17
112	39
116	329
116	789
120	242
120	437
122	277
122	604
122	801
123	149
123	617
124	271
127	113
127	335
127	367
128	162
128	927
130	141
131	105
132	247
132	772
132	937
135	715
135	847
136	76
136	775
136	848
136	912
137	631
137	988
139	38
139	520
142	595
142	628
142	938
143	624
144	25
144	516
146	310
146	506
146	844
148	559
150	99
150	727
151	333
152	820
154	93
154	685
154	887
155	835
155	889
156	164
156	196
156	340
157	310
157	430
157	795
158	89
158	124
158	257
160	235
161	172
163	684
163	904
164	12
165	812
166	934
167	94
167	140
169	195
170	659
170	761
171	650
171	871
173	877
174	30
174	692
175	251
175	627
177	43
177	442
177	685
177	956
177	974
178	220
178	403
180	50
181	618
181	832
181	947
182	970
183	191
183	610
184	412
184	620
185	756
187	30
188	580
188	772
188	856
189	547
189	859
189	916
189	918
190	656
192	382
193	773
196	593
197	951
198	167
199	36
200	239
202	214
202	423
203	972
205	283
206	29
206	474
206	600
207	301
208	515
212	240
213	194
214	181
214	523
214	613
215	32
215	517
215	962
216	960
217	1
217	594
218	149
219	162
219	874
220	238
220	627
220	932
221	641
222	926
224	180
224	290
224	594
225	483
226	169
226	731
226	802
227	5
227	870
228	81
228	376
228	431
230	376
230	557
231	452
232	248
232	507
233	588
234	582
234	751
234	984
235	208
235	627
236	19
237	448
237	595
237	889
239	61
239	498
239	720
240	138
240	580
240	752
241	20
241	491
241	851
242	138
242	781
242	861
243	574
244	112
244	264
244	361
245	270
245	766
246	27
247	617
247	727
248	913
249	82
251	109
252	561
252	838
253	393
253	805
254	275
254	406
254	785
254	805
254	956
255	552
256	957
257	559
257	954
258	33
258	80
258	845
258	937
260	20
260	937
261	109
263	886
264	567
264	869
264	922
265	80
265	126
266	451
266	573
267	73
268	184
268	220
269	11
269	820
271	67
271	398
273	90
273	976
274	564
275	152
275	371
276	982
277	251
278	24
278	123
278	924
279	14
279	446
279	993
280	100
280	539
280	677
280	817
280	947
281	55
281	481
283	35
284	237
284	282
284	894
285	430
285	550
286	671
286	840
287	893
288	290
290	491
290	854
292	431
292	703
293	312
293	499
295	162
296	96
296	217
296	346
296	755
297	857
298	757
299	313
300	23
300	115
300	335
300	546
300	907
300	993
301	76
301	287
301	528
301	597
301	792
301	975
302	174
302	629
303	540
304	538
304	635
306	685
307	495
307	791
308	669
308	686
310	601
311	126
311	886
311	915
311	974
313	334
313	390
313	406
313	570
315	186
316	69
316	323
318	389
319	151
319	308
321	839
321	938
322	363
322	897
322	910
322	988
323	605
326	738
328	351
328	497
329	647
329	723
329	867
332	64
332	155
332	365
332	597
335	72
336	549
337	365
337	476
337	498
337	655
338	275
338	806
339	844
339	912
340	619
341	73
341	513
342	121
342	435
342	563
342	889
344	87
344	475
344	573
344	848
344	911
345	36
345	733
346	24
346	453
346	997
347	274
347	375
348	289
348	706
349	409
349	693
350	106
350	387
352	418
354	452
354	992
355	18
356	95
356	774
356	802
360	369
363	106
364	140
365	7
365	423
365	844
367	166
367	229
367	384
368	764
368	794
369	506
369	702
370	264
370	734
371	689
372	28
372	65
373	961
374	77
374	431
377	570
379	105
379	371
379	536
380	407
381	338
381	434
381	573
382	669
383	386
383	666
384	370
385	167
388	332
388	846
389	138
389	812
390	95
390	845
392	670
393	161
393	172
393	224
393	478
393	683
395	206
397	106
397	111
397	180
397	387
397	645
398	157
399	785
400	532
402	141
402	551
403	85
404	28
405	253
406	135
406	775
406	971
409	798
411	793
412	518
413	12
413	175
413	314
413	551
414	211
414	254
414	372
414	569
416	146
416	299
416	788
417	873
418	57
419	598
420	27
420	42
420	271
420	376
420	869
421	336
423	273
423	585
423	656
426	169
427	622
427	872
429	144
429	957
434	634
435	163
435	376
435	617
436	254
436	413
436	561
436	590
436	743
436	968
437	554
437	698
437	755
438	637
438	756
438	981
440	635
442	48
442	509
442	726
444	581
444	745
445	780
446	200
446	351
446	525
446	947
447	48
447	345
447	976
448	526
448	534
448	965
449	606
449	765
449	769
452	628
452	861
453	396
453	574
455	216
455	425
456	671
457	590
458	343
459	129
459	696
460	362
461	612
461	816
461	833
462	24
462	744
464	44
464	316
466	314
467	97
467	465
468	689
469	334
470	324
472	256
473	344
473	716
474	215
474	490
474	597
475	999
476	34
476	796
477	263
477	265
477	553
478	156
479	214
479	309
480	933
481	696
483	771
483	883
484	138
484	743
485	11
485	457
485	650
485	978
488	13
488	31
488	67
488	515
489	981
490	80
490	81
491	118
491	156
491	336
491	748
493	558
493	716
493	975
493	984
494	238
494	468
494	894
495	11
496	567
497	60
497	763
499	599
499	690
500	109
500	551
501	108
501	477
504	614
505	732
505	876
505	903
507	258
507	509
508	7
508	497
508	537
509	124
509	743
509	830
510	259
510	524
510	946
511	256
512	498
514	297
514	468
514	540
515	19
515	666
515	809
516	649
517	67
517	269
518	277
518	845
520	932
521	62
521	155
521	196
521	666
522	7
522	81
522	141
523	414
523	677
523	917
527	27
528	600
529	23
531	448
531	585
532	146
532	185
533	885
535	390
538	364
540	118
540	199
540	548
540	993
541	413
541	908
542	8
542	222
543	806
545	324
545	902
546	547
546	618
547	319
548	125
548	677
549	487
549	517
549	799
550	469
550	599
551	549
555	88
556	440
556	955
557	138
557	860
557	866
559	375
560	5
560	461
560	847
561	4
561	53
561	350
561	857
562	458
562	549
563	21
563	815
564	310
564	922
565	38
565	310
567	576
568	421
568	472
568	743
569	494
570	755
570	981
571	432
571	614
573	478
573	839
574	35
574	585
577	371
577	410
578	178
580	151
580	968
581	295
581	460
581	919
582	714
584	99
584	897
585	314
585	487
585	916
585	943
586	321
587	88
587	777
588	266
590	629
591	822
592	884
593	810
593	832
595	405
595	423
595	523
595	737
596	627
596	781
600	79
601	162
601	361
601	713
603	845
605	693
607	141
608	245
608	529
609	276
609	526
609	790
610	85
610	685
610	931
611	613
614	20
614	388
614	530
614	639
615	515
616	29
616	83
616	203
616	452
618	912
618	924
620	173
620	272
620	437
620	778
620	990
620	996
621	338
621	727
622	909
622	991
623	701
624	441
624	616
625	109
626	18
626	359
626	478
626	811
626	995
627	151
627	195
627	572
627	581
628	639
628	972
629	521
630	80
630	560
630	952
631	235
631	917
631	962
632	481
634	646
635	144
635	657
636	446
636	502
637	407
638	72
638	201
638	276
638	590
638	895
639	194
640	602
640	640
644	943
644	984
645	728
645	883
646	12
646	107
646	650
646	721
647	239
647	487
648	294
649	985
650	7
650	89
650	248
650	711
650	891
651	401
651	493
651	730
651	827
651	834
651	930
652	39
652	141
653	379
653	638
654	651
654	696
654	890
655	517
655	816
656	21
657	623
658	637
659	77
659	103
659	337
659	630
659	972
660	396
660	493
661	354
661	377
662	263
662	421
662	830
664	428
666	699
667	698
668	437
669	923
669	939
670	378
670	956
671	245
671	519
672	403
672	415
672	566
672	715
673	242
674	267
674	416
674	523
674	589
675	870
676	687
678	269
678	456
681	901
682	554
685	131
686	377
687	427
687	601
688	228
688	682
689	809
689	966
690	703
690	880
692	791
694	76
694	236
694	630
697	681
698	697
698	749
699	620
699	703
699	723
699	797
701	29
701	716
703	403
703	904
704	517
705	752
706	486
706	494
706	506
706	779
707	102
708	2
708	298
708	712
709	954
710	544
710	832
710	972
712	276
713	239
714	499
715	176
717	147
717	650
717	684
717	830
718	353
718	539
718	591
720	609
720	933
721	54
722	895
723	251
723	374
723	386
723	962
723	980
726	125
727	31
727	33
727	459
727	928
728	101
728	680
729	265
730	442
731	173
732	162
732	473
732	658
733	121
733	737
733	925
734	847
735	320
736	209
736	249
736	252
737	440
737	750
737	825
738	28
739	950
740	631
742	487
742	488
743	701
743	819
746	309
748	582
750	265
750	962
751	109
751	467
752	188
752	613
753	287
753	658
753	960
754	471
755	40
755	676
758	480
758	636
758	992
759	382
759	589
759	721
760	48
760	253
760	394
760	687
761	500
762	284
763	616
764	524
765	267
765	606
766	558
766	665
768	66
768	146
769	628
769	665
769	670
770	697
770	857
771	293
771	806
772	613
772	934
774	176
775	110
775	378
776	115
777	693
778	222
780	344
780	454
780	651
782	26
782	704
782	709
782	974
783	216
783	560
783	731
784	215
786	365
786	494
788	318
789	22
790	965
791	195
791	288
791	377
791	523
792	569
793	839
794	11
794	894
796	82
796	823
797	536
797	965
798	799
799	55
799	441
800	145
800	458
800	482
801	665
801	974
802	172
802	939
803	264
804	276
804	339
805	430
805	726
805	746
806	740
807	463
807	865
808	260
810	651
810	896
810	985
811	628
811	718
812	506
812	786
812	821
814	229
814	941
815	622
815	827
816	461
817	303
818	75
818	78
818	618
820	188
821	573
822	504
823	760
823	798
823	996
825	553
826	312
826	956
827	226
827	435
827	450
827	492
827	823
828	245
828	665
829	278
832	156
833	797
836	57
836	373
838	422
838	642
838	934
839	316
839	399
839	425
840	512
840	692
841	231
841	788
841	994
842	579
843	892
844	273
845	331
845	337
846	139
846	802
846	942
847	371
847	540
847	573
850	243
850	401
850	412
851	698
851	883
854	382
854	995
855	117
855	613
857	769
857	961
858	236
859	33
859	387
861	333
863	232
863	661
863	681
865	400
865	568
865	597
865	850
866	601
867	191
867	251
869	868
870	382
871	154
871	168
871	619
872	413
872	582
873	323
874	205
876	529
877	103
877	370
877	642
878	589
878	822
878	831
878	843
879	28
879	850
881	85
882	674
883	45
883	445
883	636
884	180
884	743
885	403
887	461
887	606
887	763
888	492
888	848
889	149
889	336
891	816
894	55
894	877
896	315
898	453
900	683
901	81
903	164
903	601
903	686
903	914
905	776
906	734
907	131
907	698
908	733
909	557
909	596
909	673
910	601
911	90
911	705
911	940
912	157
913	997
914	177
915	716
916	716
917	250
917	591
917	980
919	41
919	868
921	803
922	378
925	961
925	968
926	781
927	312
928	556
928	614
930	551
931	773
932	21
937	385
938	39
938	416
939	158
939	374
939	524
939	882
940	204
940	351
940	462
941	521
941	889
942	358
942	802
943	96
945	651
946	646
948	841
950	179
950	399
950	823
951	489
951	818
952	442
953	580
953	836
954	23
954	338
955	85
956	776
957	395
958	394
958	512
959	246
960	984
961	215
962	137
963	208
964	653
965	650
965	971
966	61
966	875
967	225
967	303
968	9
968	338
968	562
969	113
969	207
969	969
971	271
971	669
972	44
972	90
972	371
973	784
974	540
974	542
975	271
975	501
976	356
976	592
976	635
977	15
978	132
978	271
980	784
981	246
981	672
982	32
982	111
983	482
984	487
985	275
985	561
988	420
989	530
990	543
990	747
991	537
991	718
992	83
993	4
993	105
993	231
993	473
993	560
993	819
993	941
993	986
994	142
994	459
995	764
998	493
998	900
