500
0	105
1	424
1	456
2	12
2	24
2	56
2	189
3	263
4	28
4	32
4	461
4	463
4	491
5	184
5	208
5	418
5	420
6	246
6	271
6	354
6	479
7	3
7	217
8	113
8	124
9	327
9	432
10	216
10	273
10	415
11	90
11	227
11	342
12	328
13	99
13	123
13	387
13	480
14	347
14	355
15	206
15	377
15	389
15	406
16	99
16	249
16	263
17	221
17	420
18	192
18	208
18	235
19	140
21	24
21	55
21	252
21	438
22	293
22	295
22	425
23	128
23	284
23	410
23	413
24	14
24	141
25	6
25	302
26	165
26	244
27	25
27	272
28	57
28	246
28	285
28	388
29	83
29	190
29	453
30	70
30	195
31	13
31	201
31	219
32	83
32	271
32	348
33	33
33	61
34	107
34	181
34	270
34	370
34	451
35	434
36	27
37	250
37	340
38	89
38	428
39	71
40	395
41	62
41	136
41	158
41	191
41	210
42	42
42	243
43	266
43	474
44	460
45	210
45	275
45	390
45	432
46	172
47	181
47	277
48	152
48	213
48	466
49	12
49	120
49	284
50	391
50	461
51	234
51	361
51	384
51	434
52	73
52	151
52	189
52	247
53	249
53	266
54	137
54	258
54	331
54	409
55	200
55	434
55	499
56	200
57	8
57	276
58	5
58	211
58	259
58	309
58	371
59	420
59	427
59	446
60	62
61	67
61	257
61	414
64	270
64	327
65	14
65	453
67	156
67	157
67	416
67	495
68	90
68	114
68	230
68	280
68	338
68	420
69	258
70	259
70	408
71	54
72	215
72	228
72	376
73	106
73	235
73	496
74	188
74	485
75	244
76	47
76	183
76	268
77	97
77	301
77	447
80	4
80	29
80	81
80	232
80	444
81	79
82	36
82	87
82	106
82	110
82	170
82	207
82	210
82	451
83	20
83	352
84	394
84	455
84	465
85	4
85	85
85	139
85	188
85	259
85	278
87	193
87	265
87	314
87	396
88	186
88	304
89	18
89	259
90	496
91	136
91	394
91	412
92	190
92	330
92	436
92	476
93	96
94	13
94	32
94	170
94	198
94	291
95	396
95	456
96	373
97	232
98	66
98	97
99	188
100	55
100	61
100	102
100	200
100	473
101	106
101	242
101	288
101	329
102	238
102	275
102	406
103	250
104	139
105	186
105	189
105	273
105	444
106	51
106	372
107	292
107	472
108	130
108	193
108	262
109	184
109	460
110	217
110	227
110	454
111	187
111	209
111	314
111	432
112	180
112	198
112	396
113	314
114	117
115	241
115	318
118	85
118	191
118	208
118	411
119	128
120	55
121	1
121	43
121	495
122	37
122	135
122	227
122	368
122	420
123	89
123	195
124	191
124	396
124	493
125	159
125	164
125	304
125	449
126	72
126	95
126	172
126	256
126	264
127	341
127	413
128	241
128	343
128	351
128	396
129	120
129	386
129	390
129	442
130	190
130	477
131	196
131	236
131	342
131	360
132	233
132	336
133	448
133	488
134	118
134	186
134	250
134	478
135	142
135	213
135	322
135	339
135	493
136	334
137	174
137	260
138	306
138	399
139	6
139	85
139	298
140	72
140	444
141	90
142	98
143	69
143	165
145	51
145	206
146	73
146	351
147	364
147	421
147	462
148	132
148	176
148	228
148	382
149	141
150	1
150	64
150	180
150	302
150	387
151	30
151	314
151	453
152	103
152	141
152	329
153	67
153	162
154	186
154	231
154	431
155	422
156	145
156	171
156	276
157	34
157	39
157	59
157	177
157	217
157	406
158	150
158	275
158	293
159	81
159	189
159	340
159	362
159	417
160	65
160	218
161	18
162	289
162	291
162	376
162	400
162	455
163	50
163	371
163	495
164	73
164	208
164	433
165	81
165	447
167	56
167	103
168	27
168	35
168	253
169	305
169	364
169	400
170	415
171	58
171	164
171	183
171	474
172	199
172	206
172	213
172	484
173	42
174	117
174	475
175	350
175	394
176	34
176	295
176	429
177	96
177	179
177	390
177	490
178	351
178	453
179	22
179	157
179	432
179	466
180	83
180	101
180	149
180	370
180	375
180	394
181	52
181	273
181	391
183	51
183	209
184	219
184	413
184	447
185	31
185	110
185	255
185	327
187	77
187	349
189	85
189	238
189	320
190	17
190	220
190	335
191	7
191	268
192	37
192	486
193	40
193	385
193	419
193	440
194	252
195	168
195	243
195	321
196	164
196	168
196	353
197	407
197	447
198	486
199	7
199	225
200	57
200	61
200	188
200	225
200	297
200	447
202	384
203	291
203	315
203	398
204	20
204	348
204	487
205	21
206	110
206	112
206	190
207	152
207	461
208	128
208	406
209	36
209	186
209	259
209	276
209	462
209	498
211	61
212	273
212	381
212	475
213	41
213	113
213	275
213	327
213	380
214	96
214	221
216	292
217	88
217	361
218	66
218	101
218	191
218	455
219	136
219	146
220	95
220	132
221	34
221	167
221	228
221	256
221	327
222	23
222	210
222	307
223	342
224	23
224	79
224	234
225	106
225	244
226	26
226	47
226	158
226	177
226	353
227	119
227	145
229	27
229	94
229	452
231	56
231	201
232	412
233	86
233	350
234	179
234	199
234	405
235	112
235	207
236	105
236	301
236	488
237	15
237	28
237	464
238	49
238	240
238	274
238	290
238	369
239	145
239	166
239	216
240	226
240	312
240	426
241	137
241	160
241	177
241	230
242	467
243	477
244	30
244	39
244	41
245	223
245	312
245	335
246	87
246	195
246	333
246	402
247	93
247	101
248	306
248	448
249	20
249	129
249	199
250	42
250	58
250	299
250	457
252	463
253	63
254	191
255	8
255	318
256	17
256	91
258	7
258	128
258	255
258	482
259	240
260	155
260	442
261	325
261	380
262	340
263	57
263	140
263	440
264	101
264	448
264	449
264	472
265	206
266	87
266	90
266	292
266	318
266	431
266	464
267	16
267	51
267	111
268	149
268	161
269	133
270	91
271	109
271	149
272	31
272	229
272	238
273	403
275	459
276	180
276	213
278	169
278	271
279	126
279	333
280	56
280	58
280	373
281	131
281	148
281	165
281	464
281	490
283	87
283	388
284	18
285	166
285	400
286	57
287	121
288	384
289	87
290	331
290	493
291	28
291	123
291	404
291	435
291	482
292	412
293	144
293	311
293	408
294	101
294	471
294	489
297	173
297	311
297	324
297	349
297	469
299	51
299	241
301	15
301	100
301	441
302	135
302	159
302	390
304	111
304	375
304	420
305	77
305	380
307	199
308	31
308	156
309	24
309	29
309	220
309	404
310	152
310	155
312	37
312	202
312	227
312	247
312	307
313	176
313	205
313	494
315	306
315	472
316	285
316	427
317	79
318	98
318	350
318	355
319	76
319	293
321	71
321	175
321	263
322	362
322	456
322	480
323	246
324	3
325	40
325	358
325	408
326	30
326	273
326	420
327	245
329	325
330	85
331	394
332	106
332	228
332	358
333	387
334	20
334	248
335	415
335	442
336	137
336	416
337	198
337	483
339	103
340	193
340	284
340	353
340	371
341	361
341	364
341	397
342	457
343	50
343	156
343	327
343	498
344	238
344	452
344	482
345	156
345	192
345	292
347	219
347	234
347	281
347	473
347	496
348	109
348	227
348	232
348	358
349	102
349	262
349	356
350	124
350	415
354	427
355	66
355	85
355	389
356	172
357	89
357	340
359	300
360	3
360	354
361	49
361	154
362	87
363	55
363	140
363	268
363	318
363	414
363	492
364	21
364	244
365	87
365	161
365	445
366	273
367	296
368	142
368	325
368	484
369	313
369	406
371	275
371	366
371	453
372	176
372	234
372	256
373	400
374	70
374	140
374	468
376	213
376	437
379	66
379	71
379	245
379	255
379	259
380	382
382	45
382	139
382	181
382	243
382	391
382	441
383	101
383	183
383	292
383	310
385	92
385	132
385	154
385	425
386	23
386	357
387	110
387	179
387	201
387	345
389	0
389	162
389	259
389	355
390	274
390	278
391	9
391	499
392	55
392	88
392	116
392	177
392	476
393	499
394	322
395	151
395	478
396	273
397	27
397	114
397	299
397	354
398	88
398	93
398	285
398	332
398	452
399	364
400	47
400	158
400	221
401	283
403	96
403	272
403	383
403	388
404	23
404	47
404	241
404	253
405	33
405	293
406	436
407	56
407	457
407	468
408	141
408	248
408	307
408	325
408	437
409	55
409	126
409	157
410	286
411	89
411	204
411	331
411	366
412	211
412	360
412	435
412	449
413	461
414	359
415	454
415	499
416	153
416	257
417	21
417	79
417	373
417	481
418	402
419	339
420	89
420	330
420	349
421	487
422	121
422	402
423	442
424	10
424	113
424	139
424	320
424	480
425	248
426	180
426	321
426	359
426	406
428	100
428	243
428	297
428	303
429	34
429	113
429	158
431	234
431	489
432	475
433	30
433	213
434	211
435	61
435	364
436	267
437	350
438	225
438	376
439	81
440	164
440	322
441	294
441	361
442	195
443	27
443	103
443	172
444	11
444	55
444	145
444	174
446	191
446	310
447	37
447	95
447	271
448	46
448	137
448	464
449	175
449	189
449	258
449	463
450	366
451	394
452	92
453	278
453	412
454	37
454	251
454	289
454	444
455	50
455	454
456	28
456	445
457	285
458	364
458	403
459	111
459	458
460	132
460	159
461	338
462	201
463	207
463	265
463	351
463	413
463	488
464	89
464	179
464	188
464	289
464	425
465	30
465	115
465	208
465	344
465	350
466	294
467	157
467	166
467	306
470	38
470	191
470	302
470	398
471	53
471	204
471	209
471	392
471	422
473	369
474	205
474	325
474	377
475	217
476	183
477	251
477	362
479	336
479	342
480	109
481	97
481	121
481	260
482	50
482	149
482	286
482	372
483	277
484	256
485	30
486	4
486	194
486	207
486	221
487	23
488	386
489	36
490	119
490	333
491	134
491	262
491	263
491	344
491	423
492	94
492	255
493	47
494	158
494	397
495	39
495	40
495	74
496	43
496	350
496	441
497	47
497	257
497	356
498	40
498	150
498	463
499	6
499	149
499	195
499	484
